6044408427
6442101927
6442102527
6442103127
6442104827
6442105427
6442106027
6442107727
6442108327
6442109027
6442110527
6442111127
6442112827
6442113427
6442114027
6442115727
6442116327
6442117027
6442118627
6442119227
6442120827
6442121427
6442122027
6442123727
6542101027
6542102627
6542103227
6542104927
6542105527
6542106127
6542107827
6542108427
6542109027
6542110627
6542111227
6542112927
6542113527
6542114127
6542115827
6542116427
6542117027
6542118727
6542119327
6542120927
6542121527
6542122127
6542123827
6542124427
6542125027
6542126727
6542127327
6542128027
6542129627
6542130127
6542131827
6542132427
6542133027
6542134727
6642101027
6642102727
6642103327
6642104027
6642105627
6642106227
6642107927
6642108527
6642109127
6642110727
6642111327
6642112027
6642113627
6642115927
6642116527
6642117127
6642118827
6642119427
6642120027
6642121627
6642122227
6642123927
6642124527
6742101127
6742102827
6742103427
6742104027
6742105727
6742106327
6742107027
6742108627
6742109227
6742110827
6742111427
6742112027
6742113727
6742114327
6742115027
6742116627
6742117227
6742118927
6742119527
6742120027
6742121727
6742122327
6742123027
6742124627
6742125227
6742126927
6742127527
6842101227
6842102927
6842103527
6842104127
6842105827
6842106427
6842107027
6842108727
6842109327
6842110927
6842111527
6842112127
6842113827
6842114427
6842115027
6842116727
6842117327
6842118027
6842119627
6842120127
6842121827
6842122427
6842123027
6842124727
6842125327
6842126027
6842127627
6842128227
6842129927
6842130427
6842131027